=== ag000 5min Bar: 2026-06-22 ~ 2026-06-30 ===
DateTime            |   Open |   High |    Low |  Close |     Vol
2026-06-22 08:55 |  15988 |  15988 |  15988 |  15988 |      996
2026-06-22 09:00 |  15982 |  16206 |  15978 |  16029 |    46738
2026-06-22 09:05 |  16038 |  16120 |  16024 |  16105 |    14646
2026-06-22 09:10 |  16105 |  16113 |  16035 |  16092 |     9956
2026-06-22 09:15 |  16093 |  16114 |  16047 |  16052 |     8182
2026-06-22 09:20 |  16048 |  16053 |  15963 |  15983 |    12459
2026-06-22 09:25 |  15983 |  16023 |  15940 |  16002 |     8947
2026-06-22 09:30 |  16000 |  16000 |  15820 |  15855 |    17590
2026-06-22 09:35 |  15854 |  15923 |  15852 |  15913 |     7909
2026-06-22 09:40 |  15919 |  15929 |  15869 |  15887 |     4991
2026-06-22 09:45 |  15888 |  15901 |  15832 |  15849 |     6238
2026-06-22 09:50 |  15850 |  15885 |  15836 |  15854 |     4468
2026-06-22 09:55 |  15851 |  15873 |  15818 |  15838 |     5274
2026-06-22 10:00 |  15838 |  15864 |  15815 |  15855 |     5437
2026-06-22 10:05 |  15855 |  15916 |  15851 |  15888 |     5603
2026-06-22 10:10 |  15888 |  15900 |  15842 |  15853 |     3750
2026-06-22 10:15 |  15853 |  15853 |  15853 |  15853 |        9
2026-06-22 10:30 |  15861 |  15905 |  15830 |  15884 |     5485
2026-06-22 10:35 |  15884 |  15935 |  15876 |  15908 |     5541
2026-06-22 10:40 |  15909 |  15909 |  15821 |  15835 |     6182
2026-06-22 10:45 |  15836 |  15836 |  15738 |  15790 |    11991
2026-06-22 10:50 |  15787 |  15787 |  15743 |  15774 |     4998
2026-06-22 10:55 |  15774 |  15799 |  15765 |  15799 |     4219
2026-06-22 11:00 |  15799 |  15814 |  15764 |  15808 |     4008
2026-06-22 11:05 |  15808 |  15825 |  15751 |  15757 |     4020
2026-06-22 11:10 |  15759 |  15795 |  15742 |  15767 |     2952
2026-06-22 11:15 |  15767 |  15800 |  15758 |  15774 |     3293
2026-06-22 11:20 |  15774 |  15788 |  15748 |  15783 |     3001
2026-06-22 11:25 |  15784 |  15833 |  15784 |  15817 |     4082
2026-06-22 11:30 |  15817 |  15817 |  15817 |  15817 |        9
2026-06-22 13:30 |  15861 |  15947 |  15861 |  15938 |    12602
2026-06-22 13:35 |  15938 |  16047 |  15935 |  15968 |    11510
2026-06-22 13:40 |  15970 |  15997 |  15956 |  15980 |     4937
2026-06-22 13:45 |  15981 |  15992 |  15956 |  15984 |     3998
2026-06-22 13:50 |  15984 |  16037 |  15968 |  16009 |     5519
2026-06-22 13:55 |  16009 |  16028 |  15980 |  15997 |     4154
2026-06-22 14:00 |  15996 |  16019 |  15985 |  15992 |     3282
2026-06-22 14:05 |  15991 |  16028 |  15990 |  16027 |     3575
2026-06-22 14:10 |  16027 |  16045 |  16010 |  16023 |     4442
2026-06-22 14:15 |  16023 |  16074 |  16015 |  16049 |     6320
2026-06-22 14:20 |  16050 |  16054 |  16017 |  16050 |     3505
2026-06-22 14:25 |  16048 |  16051 |  16014 |  16019 |     3540
2026-06-22 14:30 |  16019 |  16024 |  16003 |  16016 |     3628
2026-06-22 14:35 |  16016 |  16028 |  16009 |  16016 |     2168
2026-06-22 14:40 |  16018 |  16059 |  16008 |  16059 |     3957
2026-06-22 14:45 |  16059 |  16094 |  16052 |  16070 |     5047
2026-06-22 14:50 |  16072 |  16107 |  16065 |  16098 |     5004
2026-06-22 14:55 |  16098 |  16106 |  16058 |  16060 |     6628
2026-06-22 15:00 |  16063 |  16063 |  16063 |  16063 |       12
2026-06-22 15:10 |  16063 |  16063 |  16063 |  16063 |      133
2026-06-23 00:00 |  15765 |  15767 |  15732 |  15737 |     4050
2026-06-23 00:05 |  15738 |  15755 |  15720 |  15728 |     4733
2026-06-23 00:10 |  15728 |  15740 |  15708 |  15733 |     4689
2026-06-23 00:15 |  15736 |  15772 |  15730 |  15763 |     4188
2026-06-23 00:20 |  15763 |  15790 |  15762 |  15768 |     3653
2026-06-23 00:25 |  15768 |  15778 |  15759 |  15773 |     1787
2026-06-23 00:30 |  15773 |  15778 |  15756 |  15778 |     2039
2026-06-23 00:35 |  15780 |  15799 |  15772 |  15775 |     3314
2026-06-23 00:40 |  15773 |  15773 |  15747 |  15765 |     2960
2026-06-23 00:45 |  15767 |  15767 |  15750 |  15763 |     1693
2026-06-23 00:50 |  15763 |  15817 |  15762 |  15809 |     5104
2026-06-23 00:55 |  15810 |  15827 |  15787 |  15812 |     3926
2026-06-23 01:00 |  15812 |  15819 |  15798 |  15808 |     2278
2026-06-23 01:05 |  15808 |  15810 |  15791 |  15800 |     1955
2026-06-23 01:10 |  15800 |  15805 |  15773 |  15784 |     2020
2026-06-23 01:15 |  15784 |  15796 |  15779 |  15784 |     1458
2026-06-23 01:20 |  15786 |  15810 |  15769 |  15774 |     2356
2026-06-23 01:25 |  15772 |  15773 |  15736 |  15745 |     3553
2026-06-23 01:30 |  15746 |  15758 |  15656 |  15668 |     6776
2026-06-23 01:35 |  15669 |  15695 |  15637 |  15688 |     6365
2026-06-23 01:40 |  15688 |  15695 |  15666 |  15686 |     2823
2026-06-23 01:45 |  15686 |  15716 |  15665 |  15704 |     2732
2026-06-23 01:50 |  15705 |  15721 |  15700 |  15716 |     1992
2026-06-23 01:55 |  15718 |  15727 |  15709 |  15715 |     1984
2026-06-23 02:00 |  15715 |  15759 |  15712 |  15737 |     3358
2026-06-23 02:05 |  15737 |  15755 |  15728 |  15750 |     1674
2026-06-23 02:10 |  15750 |  15769 |  15728 |  15734 |     2274
2026-06-23 02:15 |  15734 |  15759 |  15733 |  15750 |     1727
2026-06-23 02:20 |  15749 |  15772 |  15744 |  15755 |     2119
2026-06-23 02:25 |  15755 |  15779 |  15740 |  15772 |     3053
2026-06-23 02:30 |  15768 |  15768 |  15768 |  15768 |        8
2026-06-23 08:55 |  15666 |  15666 |  15666 |  15666 |      423
2026-06-23 09:00 |  15668 |  15731 |  15581 |  15591 |    18847
2026-06-23 09:05 |  15586 |  15642 |  15550 |  15605 |    13175
2026-06-23 09:10 |  15604 |  15616 |  15581 |  15607 |     5077
2026-06-23 09:15 |  15607 |  15615 |  15501 |  15503 |    11861
2026-06-23 09:20 |  15506 |  15555 |  15502 |  15545 |     6958
2026-06-23 09:25 |  15544 |  15599 |  15542 |  15571 |     5051
2026-06-23 09:30 |  15570 |  15576 |  15517 |  15526 |     6400
2026-06-23 09:35 |  15525 |  15540 |  15433 |  15450 |    11395
2026-06-23 09:40 |  15452 |  15473 |  15376 |  15396 |    11614
2026-06-23 09:45 |  15397 |  15417 |  15374 |  15381 |     8551
2026-06-23 09:50 |  15380 |  15410 |  15357 |  15387 |     8153
2026-06-23 09:55 |  15386 |  15440 |  15377 |  15432 |     5900
2026-06-23 10:00 |  15432 |  15450 |  15396 |  15419 |     5687
2026-06-23 10:05 |  15416 |  15416 |  15340 |  15376 |     6940
2026-06-23 10:10 |  15376 |  15378 |  15334 |  15365 |     5938
2026-06-23 10:15 |  15367 |  15367 |  15367 |  15367 |        4
2026-06-23 10:30 |  15415 |  15436 |  15380 |  15402 |     8647
2026-06-23 10:35 |  15402 |  15411 |  15392 |  15409 |     3408
2026-06-23 10:40 |  15409 |  15411 |  15312 |  15325 |     8446
2026-06-23 10:45 |  15325 |  15336 |  15271 |  15288 |     9315
2026-06-23 10:50 |  15288 |  15317 |  15280 |  15286 |     4832
2026-06-23 10:55 |  15285 |  15318 |  15213 |  15230 |    10015
2026-06-23 11:00 |  15228 |  15254 |  15205 |  15228 |    10064
2026-06-23 11:05 |  15230 |  15241 |  15210 |  15213 |     5292
2026-06-23 11:10 |  15213 |  15225 |  15179 |  15203 |     7598
2026-06-23 11:15 |  15205 |  15224 |  15132 |  15143 |     9716
2026-06-23 11:20 |  15143 |  15156 |  15084 |  15131 |    12840
2026-06-23 11:25 |  15126 |  15183 |  15126 |  15178 |    10012
2026-06-23 11:30 |  15180 |  15180 |  15180 |  15180 |        7
2026-06-23 13:30 |  15082 |  15125 |  14993 |  15123 |    24777
2026-06-23 13:35 |  15125 |  15194 |  15125 |  15142 |    14106
2026-06-23 13:40 |  15140 |  15160 |  15092 |  15150 |     9160
2026-06-23 13:45 |  15150 |  15151 |  15047 |  15061 |     8553
2026-06-23 13:50 |  15060 |  15088 |  15023 |  15063 |     8862
2026-06-23 13:55 |  15063 |  15064 |  15027 |  15054 |     5900
2026-06-23 14:00 |  15054 |  15078 |  15035 |  15060 |     6658
2026-06-23 14:05 |  15062 |  15063 |  14988 |  14994 |    10296
2026-06-23 14:10 |  14992 |  15076 |  14982 |  15065 |    11298
2026-06-23 14:15 |  15063 |  15104 |  15035 |  15045 |     7871
2026-06-23 14:20 |  15045 |  15070 |  14990 |  15030 |     7279
2026-06-23 14:25 |  15030 |  15032 |  14972 |  14984 |     8769
2026-06-23 14:30 |  14985 |  15015 |  14972 |  15015 |     7309
2026-06-23 14:35 |  15015 |  15015 |  14981 |  15004 |     4295
2026-06-23 14:40 |  15004 |  15013 |  14987 |  15004 |     4318
2026-06-23 14:45 |  15004 |  15074 |  15003 |  15041 |     9978
2026-06-23 14:50 |  15039 |  15070 |  15038 |  15066 |     5190
2026-06-23 14:55 |  15070 |  15079 |  14990 |  14997 |    10362
2026-06-23 15:00 |  14997 |  14997 |  14997 |  14997 |       89
2026-06-23 15:15 |  14997 |  14997 |  14997 |  14997 |       26
2026-06-23 20:55 |  15995 |  15995 |  15995 |  15995 |     5153
2026-06-23 21:00 |  15988 |  16054 |  15971 |  16033 |    14426
2026-06-23 21:05 |  16033 |  16039 |  15993 |  16026 |     6717
2026-06-23 21:10 |  16025 |  16117 |  16020 |  16115 |     9137
2026-06-23 21:15 |  16111 |  16121 |  16082 |  16108 |     7649
2026-06-23 21:20 |  16105 |  16111 |  16056 |  16056 |     5146
2026-06-23 21:25 |  16056 |  16064 |  16016 |  16025 |     8146
2026-06-23 21:30 |  16027 |  16048 |  16002 |  16026 |     7549
2026-06-23 21:35 |  16026 |  16058 |  16013 |  16058 |     5428
2026-06-23 21:40 |  16055 |  16073 |  16024 |  16029 |     5244
2026-06-23 21:45 |  16028 |  16076 |  16010 |  16058 |     6294
2026-06-23 21:50 |  16059 |  16071 |  16045 |  16057 |     3993
2026-06-23 21:55 |  16057 |  16068 |  16025 |  16042 |     3990
2026-06-23 22:00 |  16037 |  16040 |  15970 |  16000 |    10634
2026-06-23 22:05 |  16001 |  16066 |  15981 |  16035 |     9462
2026-06-23 22:10 |  16033 |  16043 |  15994 |  16019 |     5159
2026-06-23 22:15 |  16017 |  16020 |  15937 |  15947 |     8853
2026-06-23 22:20 |  15947 |  15954 |  15916 |  15939 |     9178
2026-06-23 22:25 |  15939 |  15954 |  15912 |  15916 |     5663
2026-06-23 22:30 |  15919 |  15933 |  15895 |  15905 |     7429
2026-06-23 22:35 |  15909 |  15927 |  15898 |  15916 |     5516
2026-06-23 22:40 |  15918 |  15941 |  15909 |  15915 |     5025
2026-06-23 22:45 |  15914 |  15962 |  15912 |  15929 |     6755
2026-06-23 22:50 |  15929 |  15935 |  15876 |  15876 |     6189
2026-06-23 22:55 |  15871 |  15920 |  15871 |  15916 |     6717
2026-06-23 23:00 |  15916 |  15934 |  15911 |  15929 |     4583
2026-06-23 23:05 |  15928 |  15930 |  15904 |  15914 |     3223
2026-06-23 23:10 |  15911 |  15924 |  15911 |  15920 |     1869
2026-06-23 23:15 |  15920 |  15924 |  15864 |  15880 |     5450
2026-06-23 23:20 |  15881 |  15896 |  15870 |  15885 |     4268
2026-06-23 23:25 |  15885 |  15895 |  15855 |  15869 |     4461
2026-06-23 23:30 |  15869 |  15880 |  15853 |  15865 |     3664
2026-06-23 23:35 |  15867 |  15873 |  15796 |  15799 |     9191
2026-06-23 23:40 |  15800 |  15825 |  15787 |  15807 |     6394
2026-06-23 23:45 |  15808 |  15810 |  15693 |  15704 |    12727
2026-06-23 23:50 |  15699 |  15749 |  15686 |  15743 |     8995
2026-06-23 23:55 |  15742 |  15796 |  15737 |  15771 |     7935
2026-06-24 00:00 |  14998 |  15009 |  14978 |  14982 |     2993
2026-06-24 00:05 |  14982 |  14991 |  14969 |  14980 |     2764
2026-06-24 00:10 |  14981 |  14998 |  14980 |  14993 |     2186
2026-06-24 00:15 |  14993 |  15006 |  14971 |  14995 |     3168
2026-06-24 00:20 |  14993 |  15000 |  14978 |  14985 |     1818
2026-06-24 00:25 |  14985 |  14991 |  14956 |  14966 |     2892
2026-06-24 00:30 |  14966 |  15002 |  14947 |  14983 |     3973
2026-06-24 00:35 |  14983 |  14994 |  14966 |  14983 |     2134
2026-06-24 00:40 |  14982 |  14992 |  14974 |  14990 |     1708
2026-06-24 00:45 |  14992 |  14995 |  14970 |  14978 |     1701
2026-06-24 00:50 |  14978 |  14979 |  14954 |  14968 |     2484
2026-06-24 00:55 |  14970 |  14979 |  14941 |  14960 |     3155
2026-06-24 01:00 |  14962 |  14962 |  14926 |  14935 |     4191
2026-06-24 01:05 |  14936 |  14949 |  14914 |  14944 |     2792
2026-06-24 01:10 |  14944 |  14977 |  14937 |  14966 |     3467
2026-06-24 01:15 |  14968 |  14969 |  14953 |  14958 |     1653
2026-06-24 01:20 |  14958 |  14973 |  14929 |  14937 |     3495
2026-06-24 01:25 |  14935 |  14944 |  14928 |  14932 |     1774
2026-06-24 01:30 |  14932 |  14948 |  14928 |  14948 |     1720
2026-06-24 01:35 |  14948 |  14948 |  14930 |  14940 |     1867
2026-06-24 01:40 |  14940 |  14958 |  14935 |  14958 |     1195
2026-06-24 01:45 |  14955 |  14967 |  14952 |  14956 |     1406
2026-06-24 01:50 |  14955 |  14958 |  14911 |  14915 |     2113
2026-06-24 01:55 |  14915 |  14929 |  14911 |  14914 |     1921
2026-06-24 02:00 |  14915 |  14928 |  14903 |  14915 |     2028
2026-06-24 02:05 |  14915 |  14916 |  14886 |  14899 |     2594
2026-06-24 02:10 |  14900 |  14906 |  14870 |  14885 |     2142
2026-06-24 02:15 |  14885 |  14896 |  14881 |  14895 |     1342
2026-06-24 02:20 |  14892 |  14904 |  14883 |  14893 |     1791
2026-06-24 02:25 |  14896 |  14898 |  14875 |  14880 |     2447
2026-06-24 02:30 |  14868 |  14868 |  14868 |  14868 |       13
2026-06-24 08:55 |  14838 |  14838 |  14838 |  14838 |      819
2026-06-24 09:00 |  14838 |  14838 |  14650 |  14696 |    31457
2026-06-24 09:05 |  14692 |  14730 |  14621 |  14706 |    21490
2026-06-24 09:10 |  14707 |  14819 |  14705 |  14801 |    15835
2026-06-24 09:15 |  14798 |  14807 |  14773 |  14790 |     6359
2026-06-24 09:20 |  14790 |  14809 |  14749 |  14802 |     7588
2026-06-24 09:25 |  14803 |  14952 |  14803 |  14904 |    14859
2026-06-24 09:30 |  14906 |  14928 |  14870 |  14879 |     7256
2026-06-24 09:35 |  14882 |  14892 |  14853 |  14873 |     4241
2026-06-24 09:40 |  14873 |  14925 |  14873 |  14877 |     5680
2026-06-24 09:45 |  14876 |  14880 |  14832 |  14839 |     6269
2026-06-24 09:50 |  14837 |  14859 |  14820 |  14838 |     4659
2026-06-24 09:55 |  14838 |  14876 |  14824 |  14870 |     3558
2026-06-24 10:00 |  14870 |  14903 |  14843 |  14857 |     5182
2026-06-24 10:05 |  14856 |  14863 |  14809 |  14820 |     4243
2026-06-24 10:10 |  14818 |  14852 |  14815 |  14835 |     3277
2026-06-24 10:15 |  14835 |  14835 |  14835 |  14835 |        4
2026-06-24 10:30 |  14811 |  14830 |  14744 |  14805 |     9853
2026-06-24 10:35 |  14800 |  14807 |  14734 |  14745 |     6792
2026-06-24 10:40 |  14746 |  14762 |  14706 |  14730 |     6936
2026-06-24 10:45 |  14733 |  14749 |  14710 |  14730 |     4772
2026-06-24 10:50 |  14730 |  14765 |  14712 |  14760 |     4169
2026-06-24 10:55 |  14758 |  14783 |  14738 |  14748 |     4595
2026-06-24 11:00 |  14749 |  14787 |  14749 |  14751 |     4315
2026-06-24 11:05 |  14750 |  14756 |  14727 |  14743 |     3979
2026-06-24 11:10 |  14743 |  14770 |  14738 |  14742 |     2581
2026-06-24 11:15 |  14741 |  14750 |  14705 |  14726 |     4250
2026-06-24 11:20 |  14725 |  14749 |  14717 |  14730 |     3343
2026-06-24 11:25 |  14730 |  14758 |  14726 |  14753 |     3727
2026-06-24 11:30 |  14757 |  14757 |  14757 |  14757 |        2
2026-06-24 13:30 |  14809 |  14892 |  14809 |  14874 |    16235
2026-06-24 13:35 |  14873 |  14879 |  14841 |  14846 |     5283
2026-06-24 13:40 |  14848 |  14862 |  14826 |  14857 |     4527
2026-06-24 13:45 |  14859 |  14863 |  14836 |  14841 |     2831
2026-06-24 13:50 |  14841 |  14846 |  14815 |  14830 |     2900
2026-06-24 13:55 |  14829 |  14869 |  14824 |  14869 |     3319
2026-06-24 14:00 |  14868 |  14929 |  14868 |  14906 |     9449
2026-06-24 14:05 |  14903 |  15028 |  14903 |  15017 |    17872
2026-06-24 14:10 |  15017 |  15046 |  14979 |  14988 |    12569
2026-06-24 14:15 |  14988 |  14999 |  14941 |  14946 |     8581
2026-06-24 14:20 |  14945 |  14988 |  14935 |  14962 |     5994
2026-06-24 14:25 |  14962 |  14990 |  14957 |  14975 |     4230
2026-06-24 14:30 |  14972 |  14995 |  14956 |  14990 |     3852
2026-06-24 14:35 |  14992 |  15016 |  14957 |  14964 |     4920
2026-06-24 14:40 |  14963 |  14975 |  14951 |  14969 |     3130
2026-06-24 14:45 |  14969 |  14983 |  14951 |  14963 |     3902
2026-06-24 14:50 |  14961 |  14968 |  14931 |  14961 |     4799
2026-06-24 14:55 |  14962 |  14968 |  14933 |  14950 |     6665
2026-06-24 15:00 |  14950 |  14950 |  14950 |  14950 |       26
2026-06-24 20:55 |  14937 |  14937 |  14937 |  14937 |     2086
2026-06-24 21:00 |  14919 |  14935 |  14841 |  14910 |    25932
2026-06-24 21:05 |  14910 |  14999 |  14901 |  14989 |    14449
2026-06-24 21:10 |  14993 |  14996 |  14926 |  14942 |     8388
2026-06-24 21:15 |  14940 |  14944 |  14906 |  14925 |     6916
2026-06-24 21:20 |  14925 |  14979 |  14885 |  14964 |    11336
2026-06-24 21:25 |  14967 |  14970 |  14930 |  14950 |     5478
2026-06-24 21:30 |  14950 |  15048 |  14910 |  15006 |    13926
2026-06-24 21:35 |  15008 |  15010 |  14965 |  14992 |     8669
2026-06-24 21:40 |  14992 |  15053 |  14986 |  15020 |    11319
2026-06-24 21:45 |  15019 |  15039 |  14994 |  15010 |     8140
2026-06-24 21:50 |  15011 |  15044 |  15005 |  15031 |     5504
2026-06-24 21:55 |  15032 |  15054 |  14984 |  15021 |     8653
2026-06-24 22:00 |  15021 |  15046 |  14997 |  15022 |     6934
2026-06-24 22:05 |  15023 |  15036 |  15004 |  15028 |     4549
2026-06-24 22:10 |  15029 |  15045 |  15003 |  15029 |     5326
2026-06-24 22:15 |  15029 |  15034 |  14995 |  15027 |     5006
2026-06-24 22:20 |  15024 |  15031 |  14953 |  14958 |     8733
2026-06-24 22:25 |  14958 |  14970 |  14921 |  14953 |     9036
2026-06-24 22:30 |  14955 |  14955 |  14817 |  14850 |    17595
2026-06-24 22:35 |  14848 |  14895 |  14827 |  14874 |    10371
2026-06-24 22:40 |  14874 |  14913 |  14850 |  14898 |     7448
2026-06-24 22:45 |  14901 |  14935 |  14901 |  14925 |     6073
2026-06-24 22:50 |  14929 |  14954 |  14910 |  14919 |     7183
2026-06-24 22:55 |  14918 |  14946 |  14915 |  14942 |     4532
2026-06-24 23:00 |  14941 |  14970 |  14934 |  14947 |     7585
2026-06-24 23:05 |  14948 |  14955 |  14884 |  14890 |     8643
2026-06-24 23:10 |  14891 |  14927 |  14891 |  14920 |     4499
2026-06-24 23:15 |  14920 |  14927 |  14907 |  14912 |     2831
2026-06-24 23:20 |  14912 |  14925 |  14890 |  14898 |     3618
2026-06-24 23:25 |  14899 |  14911 |  14888 |  14902 |     3183
2026-06-24 23:30 |  14904 |  14955 |  14901 |  14944 |     5336
2026-06-24 23:35 |  14944 |  14995 |  14944 |  14978 |     6797
2026-06-24 23:40 |  14978 |  14987 |  14955 |  14969 |     5169
2026-06-24 23:45 |  14969 |  14979 |  14950 |  14957 |     3035
2026-06-24 23:50 |  14958 |  14985 |  14947 |  14976 |     2910
2026-06-24 23:55 |  14974 |  15010 |  14971 |  14990 |     4295
2026-06-25 00:00 |  14273 |  14289 |  14267 |  14274 |     2695
2026-06-25 00:05 |  14272 |  14285 |  14202 |  14240 |     8794
2026-06-25 00:10 |  14240 |  14253 |  14222 |  14233 |     4398
2026-06-25 00:15 |  14234 |  14255 |  14227 |  14236 |     3964
2026-06-25 00:20 |  14236 |  14276 |  14233 |  14264 |     4208
2026-06-25 00:25 |  14264 |  14273 |  14252 |  14272 |     2271
2026-06-25 00:30 |  14272 |  14285 |  14254 |  14262 |     3469
2026-06-25 00:35 |  14261 |  14304 |  14261 |  14276 |     4972
2026-06-25 00:40 |  14280 |  14286 |  14239 |  14251 |     4179
2026-06-25 00:45 |  14250 |  14260 |  14231 |  14235 |     2760
2026-06-25 00:50 |  14236 |  14258 |  14230 |  14248 |     2247
2026-06-25 00:55 |  14248 |  14254 |  14236 |  14241 |     1819
2026-06-25 01:00 |  14241 |  14258 |  14222 |  14242 |     3430
2026-06-25 01:05 |  14244 |  14248 |  14190 |  14205 |     6230
2026-06-25 01:10 |  14206 |  14226 |  14195 |  14200 |     3401
2026-06-25 01:15 |  14200 |  14209 |  14114 |  14115 |     8977
2026-06-25 01:20 |  14114 |  14129 |  14037 |  14045 |    15028
2026-06-25 01:25 |  14045 |  14050 |  13990 |  14002 |    14587
2026-06-25 01:30 |  14003 |  14025 |  13956 |  14008 |    11096
2026-06-25 01:35 |  14011 |  14023 |  13920 |  13942 |    10954
2026-06-25 01:40 |  13942 |  13955 |  13888 |  13936 |     8605
2026-06-25 01:45 |  13935 |  13947 |  13860 |  13870 |     9854
2026-06-25 01:50 |  13869 |  13884 |  13821 |  13845 |     9731
2026-06-25 01:55 |  13845 |  13850 |  13728 |  13745 |    14846
2026-06-25 02:00 |  13743 |  13749 |  13574 |  13701 |    26824
2026-06-25 02:05 |  13702 |  13848 |  13702 |  13841 |    20384
2026-06-25 02:10 |  13844 |  13935 |  13812 |  13864 |    16073
2026-06-25 02:15 |  13862 |  13920 |  13861 |  13884 |     8749
2026-06-25 02:20 |  13883 |  13908 |  13853 |  13898 |     6424
2026-06-25 02:25 |  13899 |  13999 |  13893 |  13956 |     9445
2026-06-25 02:30 |  13956 |  13956 |  13956 |  13956 |       14
2026-06-25 08:55 |  13986 |  13986 |  13986 |  13986 |      351
2026-06-25 09:00 |  13980 |  14094 |  13928 |  13993 |    25993
2026-06-25 09:05 |  13992 |  13999 |  13942 |  13992 |    11310
2026-06-25 09:10 |  13992 |  14000 |  13907 |  13931 |    10284
2026-06-25 09:15 |  13931 |  13986 |  13906 |  13981 |     7697
2026-06-25 09:20 |  13980 |  14009 |  13954 |  13960 |     6543
2026-06-25 09:25 |  13959 |  13987 |  13927 |  13934 |     5056
2026-06-25 09:30 |  13931 |  13950 |  13851 |  13855 |     9375
2026-06-25 09:35 |  13852 |  13905 |  13812 |  13899 |    11102
2026-06-25 09:40 |  13896 |  13903 |  13845 |  13861 |     5695
2026-06-25 09:45 |  13858 |  13888 |  13840 |  13880 |     4621
2026-06-25 09:50 |  13882 |  13906 |  13841 |  13853 |     5499
2026-06-25 09:55 |  13852 |  13872 |  13803 |  13839 |     6560
2026-06-25 10:00 |  13838 |  13869 |  13801 |  13815 |     5761
2026-06-25 10:05 |  13811 |  13832 |  13709 |  13712 |    12154
2026-06-25 10:10 |  13714 |  13764 |  13690 |  13718 |    10595
2026-06-25 10:15 |  13719 |  13719 |  13719 |  13719 |        8
2026-06-25 10:30 |  13821 |  13850 |  13731 |  13789 |    12046
2026-06-25 10:35 |  13792 |  13830 |  13785 |  13805 |     6605
2026-06-25 10:40 |  13804 |  13809 |  13744 |  13761 |     5308
2026-06-25 10:45 |  13760 |  13804 |  13750 |  13783 |     4779
2026-06-25 10:50 |  13783 |  13783 |  13741 |  13778 |     3995
2026-06-25 10:55 |  13778 |  13829 |  13768 |  13819 |     5825
2026-06-25 11:00 |  13818 |  13859 |  13790 |  13795 |     6648
2026-06-25 11:05 |  13793 |  13795 |  13751 |  13753 |     4534
2026-06-25 11:10 |  13755 |  13775 |  13732 |  13769 |     6016
2026-06-25 11:15 |  13768 |  13814 |  13756 |  13804 |     4521
2026-06-25 11:20 |  13804 |  13816 |  13783 |  13799 |     3936
2026-06-25 11:25 |  13801 |  13847 |  13799 |  13839 |     4935
2026-06-25 11:30 |  13839 |  13839 |  13839 |  13839 |        7
2026-06-25 13:30 |  13981 |  13981 |  13873 |  13902 |    15854
2026-06-25 13:35 |  13902 |  13909 |  13844 |  13860 |     6013
2026-06-25 13:40 |  13859 |  13875 |  13833 |  13837 |     4494
2026-06-25 13:45 |  13836 |  13861 |  13822 |  13854 |     4375
2026-06-25 13:50 |  13853 |  13899 |  13853 |  13890 |     5473
2026-06-25 13:55 |  13890 |  13906 |  13842 |  13847 |     4794
2026-06-25 14:00 |  13851 |  13885 |  13843 |  13882 |     3198
2026-06-25 14:05 |  13882 |  13895 |  13855 |  13886 |     2963
2026-06-25 14:10 |  13888 |  13893 |  13852 |  13868 |     2830
2026-06-25 14:15 |  13870 |  13870 |  13853 |  13858 |     2833
2026-06-25 14:20 |  13858 |  13886 |  13854 |  13863 |     3250
2026-06-25 14:25 |  13862 |  13880 |  13858 |  13871 |     2667
2026-06-25 14:30 |  13872 |  13880 |  13807 |  13819 |     6175
2026-06-25 14:35 |  13819 |  13831 |  13780 |  13821 |     7306
2026-06-25 14:40 |  13819 |  13828 |  13800 |  13805 |     3723
2026-06-25 14:45 |  13805 |  13830 |  13790 |  13822 |     4379
2026-06-25 14:50 |  13822 |  13835 |  13801 |  13803 |     4464
2026-06-25 14:55 |  13800 |  13832 |  13800 |  13809 |     6465
2026-06-25 15:00 |  13811 |  13811 |  13811 |  13811 |       11
2026-06-25 15:20 |  13811 |  13811 |  13811 |  13811 |       95
2026-06-25 20:55 |  14090 |  14090 |  14090 |  14090 |     4211
2026-06-25 21:00 |  14090 |  14266 |  14028 |  14203 |    66300
2026-06-25 21:05 |  14203 |  14234 |  14119 |  14152 |    24331
2026-06-25 21:10 |  14152 |  14182 |  14094 |  14142 |    19766
2026-06-25 21:15 |  14141 |  14199 |  14110 |  14193 |    14672
2026-06-25 21:20 |  14196 |  14196 |  14110 |  14153 |    13623
2026-06-25 21:25 |  14152 |  14188 |  14152 |  14172 |    10094
2026-06-25 21:30 |  14172 |  14251 |  14172 |  14184 |    18198
2026-06-25 21:35 |  14184 |  14261 |  14178 |  14255 |     9781
2026-06-25 21:40 |  14253 |  14280 |  14220 |  14272 |    10277
2026-06-25 21:45 |  14272 |  14351 |  14267 |  14351 |    20313
2026-06-25 21:50 |  14351 |  14444 |  14344 |  14406 |    25179
2026-06-25 21:55 |  14407 |  14469 |  14378 |  14419 |    14932
2026-06-25 22:00 |  14419 |  14433 |  14315 |  14331 |    17441
2026-06-25 22:05 |  14331 |  14353 |  14319 |  14329 |     7935
2026-06-25 22:10 |  14328 |  14346 |  14289 |  14302 |     9468
2026-06-25 22:15 |  14303 |  14337 |  14265 |  14333 |    10833
2026-06-25 22:20 |  14330 |  14385 |  14302 |  14378 |    11231
2026-06-25 22:25 |  14374 |  14415 |  14369 |  14380 |     9858
2026-06-25 22:30 |  14380 |  14428 |  14380 |  14406 |     6733
2026-06-25 22:35 |  14406 |  14418 |  14324 |  14340 |     8783
2026-06-25 22:40 |  14342 |  14347 |  14296 |  14324 |     8488
2026-06-25 22:45 |  14325 |  14361 |  14304 |  14338 |     7790
2026-06-25 22:50 |  14337 |  14345 |  14272 |  14289 |     8225
2026-06-25 22:55 |  14289 |  14314 |  14271 |  14308 |     6910
2026-06-25 23:00 |  14305 |  14309 |  14275 |  14298 |     6134
2026-06-25 23:05 |  14298 |  14300 |  14248 |  14268 |     7484
2026-06-25 23:10 |  14268 |  14284 |  14245 |  14264 |     6616
2026-06-25 23:15 |  14264 |  14320 |  14254 |  14314 |     7692
2026-06-25 23:20 |  14316 |  14343 |  14288 |  14295 |     8408
2026-06-25 23:25 |  14295 |  14319 |  14270 |  14319 |     6150
2026-06-25 23:30 |  14319 |  14320 |  14284 |  14301 |     3972
2026-06-25 23:35 |  14303 |  14316 |  14294 |  14297 |     2845
2026-06-25 23:40 |  14297 |  14305 |  14278 |  14305 |     4416
2026-06-25 23:45 |  14304 |  14330 |  14291 |  14322 |     4860
2026-06-25 23:50 |  14322 |  14339 |  14272 |  14284 |     5564
2026-06-25 23:55 |  14284 |  14287 |  14263 |  14274 |     4838
2026-06-26 00:00 |  14257 |  14278 |  14243 |  14261 |     4915
2026-06-26 00:05 |  14261 |  14275 |  14224 |  14226 |     6756
2026-06-26 00:10 |  14228 |  14266 |  14225 |  14229 |     5343
2026-06-26 00:15 |  14229 |  14272 |  14229 |  14252 |     4598
2026-06-26 00:20 |  14253 |  14274 |  14250 |  14257 |     3253
2026-06-26 00:25 |  14257 |  14260 |  14237 |  14243 |     3048
2026-06-26 00:30 |  14243 |  14243 |  14178 |  14200 |     9317
2026-06-26 00:35 |  14200 |  14219 |  14180 |  14188 |     5029
2026-06-26 00:40 |  14187 |  14195 |  14166 |  14178 |     4861
2026-06-26 00:45 |  14177 |  14195 |  14143 |  14195 |     7560
2026-06-26 00:50 |  14196 |  14206 |  14172 |  14194 |     4061
2026-06-26 00:55 |  14193 |  14195 |  14172 |  14185 |     2659
2026-06-26 01:00 |  14186 |  14197 |  14173 |  14196 |     2644
2026-06-26 01:05 |  14197 |  14215 |  14191 |  14202 |     3497
2026-06-26 01:10 |  14202 |  14210 |  14176 |  14187 |     2899
2026-06-26 01:15 |  14188 |  14250 |  14187 |  14213 |     6239
2026-06-26 01:20 |  14213 |  14222 |  14189 |  14210 |     3276
2026-06-26 01:25 |  14210 |  14222 |  14188 |  14214 |     2752
2026-06-26 01:30 |  14216 |  14228 |  14204 |  14205 |     1918
2026-06-26 01:35 |  14205 |  14206 |  14181 |  14203 |     2463
2026-06-26 01:40 |  14203 |  14210 |  14184 |  14190 |     1800
2026-06-26 01:45 |  14190 |  14190 |  14150 |  14170 |     4655
2026-06-26 01:50 |  14170 |  14183 |  14159 |  14177 |     2287
2026-06-26 01:55 |  14179 |  14209 |  14174 |  14197 |     2815
2026-06-26 02:00 |  14196 |  14203 |  14145 |  14155 |     4324
2026-06-26 02:05 |  14155 |  14163 |  14118 |  14150 |     4915
2026-06-26 02:10 |  14149 |  14155 |  14126 |  14150 |     2207
2026-06-26 02:15 |  14149 |  14199 |  14144 |  14183 |     3374
2026-06-26 02:20 |  14186 |  14215 |  14175 |  14207 |     2982
2026-06-26 02:25 |  14207 |  14244 |  14189 |  14240 |     4106
2026-06-26 02:30 |  14237 |  14237 |  14237 |  14237 |        9
2026-06-26 08:55 |  14068 |  14068 |  14068 |  14068 |      797
2026-06-26 09:00 |  14085 |  14140 |  14019 |  14020 |    22823
2026-06-26 09:05 |  14020 |  14039 |  13953 |  13964 |    17190
2026-06-26 09:10 |  13965 |  14015 |  13965 |  13996 |     7075
2026-06-26 09:15 |  13996 |  14025 |  13973 |  14009 |     6377
2026-06-26 09:20 |  14007 |  14020 |  13981 |  14002 |     4717
2026-06-26 09:25 |  14000 |  14008 |  13920 |  13955 |    11534
2026-06-26 09:30 |  13954 |  13970 |  13934 |  13954 |     6311
2026-06-26 09:35 |  13954 |  13982 |  13920 |  13972 |     5918
2026-06-26 09:40 |  13975 |  13999 |  13955 |  13958 |     4988
2026-06-26 09:45 |  13956 |  13969 |  13869 |  13883 |    10449
2026-06-26 09:50 |  13885 |  13903 |  13840 |  13872 |    10248
2026-06-26 09:55 |  13873 |  13907 |  13864 |  13902 |     5380
2026-06-26 10:00 |  13901 |  13926 |  13874 |  13915 |     6082
2026-06-26 10:05 |  13915 |  13918 |  13849 |  13872 |     5849
2026-06-26 10:10 |  13872 |  13872 |  13786 |  13803 |    10257
2026-06-26 10:15 |  13800 |  13800 |  13800 |  13800 |       19
2026-06-26 10:30 |  13795 |  13795 |  13683 |  13709 |    16241
2026-06-26 10:35 |  13714 |  13728 |  13614 |  13663 |    16315
2026-06-26 10:40 |  13667 |  13667 |  13609 |  13614 |    10680
2026-06-26 10:45 |  13615 |  13648 |  13583 |  13644 |    11706
2026-06-26 10:50 |  13640 |  13642 |  13522 |  13526 |    15049
2026-06-26 10:55 |  13526 |  13608 |  13514 |  13598 |    11312
2026-06-26 11:00 |  13597 |  13660 |  13573 |  13643 |    10613
2026-06-26 11:05 |  13640 |  13676 |  13630 |  13667 |     7496
2026-06-26 11:10 |  13667 |  13742 |  13651 |  13713 |     9112
2026-06-26 11:15 |  13713 |  13744 |  13676 |  13734 |     7790
2026-06-26 11:20 |  13733 |  13734 |  13638 |  13650 |     7710
2026-06-26 11:25 |  13650 |  13699 |  13644 |  13681 |     6121
2026-06-26 11:30 |  13680 |  13680 |  13680 |  13680 |       13
2026-06-26 13:30 |  13750 |  13804 |  13707 |  13767 |    13655
2026-06-26 13:35 |  13767 |  13788 |  13740 |  13751 |     6214
2026-06-26 13:40 |  13751 |  13801 |  13751 |  13761 |     5882
2026-06-26 13:45 |  13761 |  13785 |  13734 |  13783 |     5831
2026-06-26 13:50 |  13784 |  13796 |  13760 |  13788 |     4249
2026-06-26 13:55 |  13786 |  13787 |  13734 |  13747 |     4329
2026-06-26 14:00 |  13747 |  13760 |  13712 |  13723 |     5395
2026-06-26 14:05 |  13723 |  13745 |  13695 |  13709 |     5299
2026-06-26 14:10 |  13707 |  13720 |  13692 |  13717 |     4067
2026-06-26 14:15 |  13719 |  13743 |  13709 |  13733 |     3996
2026-06-26 14:20 |  13732 |  13980 |  13732 |  13950 |    22899
2026-06-26 14:25 |  13948 |  13986 |  13905 |  13940 |    13129
2026-06-26 14:30 |  13940 |  14010 |  13894 |  13975 |    12933
2026-06-26 14:35 |  13973 |  14010 |  13948 |  14010 |     8711
2026-06-26 14:40 |  14011 |  14094 |  13954 |  14070 |    13887
2026-06-26 14:45 |  14076 |  14112 |  14035 |  14082 |    15687
2026-06-26 14:50 |  14083 |  14111 |  14064 |  14098 |     9989
2026-06-26 14:55 |  14099 |  14235 |  14099 |  14212 |    23736
2026-06-26 15:00 |  14212 |  14212 |  14212 |  14212 |       30
2026-06-26 15:15 |  14212 |  14212 |  14212 |  14212 |        0
2026-06-26 20:55 |  14091 |  14091 |  14091 |  14091 |     2232
2026-06-26 21:00 |  14090 |  14290 |  14090 |  14260 |    44439
2026-06-26 21:05 |  14262 |  14364 |  14225 |  14329 |    24750
2026-06-26 21:10 |  14327 |  14334 |  14275 |  14300 |    15160
2026-06-26 21:15 |  14300 |  14304 |  14192 |  14210 |    17041
2026-06-26 21:20 |  14210 |  14245 |  14163 |  14172 |    14549
2026-06-26 21:25 |  14172 |  14192 |  14139 |  14180 |    13119
2026-06-26 21:30 |  14179 |  14203 |  14086 |  14100 |    18889
2026-06-26 21:35 |  14102 |  14160 |  14095 |  14126 |    12922
2026-06-26 21:40 |  14126 |  14127 |  14014 |  14020 |    18266
2026-06-26 21:45 |  14020 |  14039 |  13980 |  14016 |    17294
2026-06-26 21:50 |  14017 |  14041 |  13943 |  13944 |    17158
2026-06-26 21:55 |  13942 |  13956 |  13880 |  13905 |    19123
2026-06-26 22:00 |  13905 |  14021 |  13904 |  13981 |    22374
2026-06-26 22:05 |  13980 |  14033 |  13977 |  14010 |    13636
2026-06-26 22:10 |  14011 |  14043 |  14002 |  14020 |     8979
2026-06-26 22:15 |  14020 |  14055 |  14007 |  14030 |     9649
2026-06-26 22:20 |  14026 |  14050 |  13989 |  14003 |    10472
2026-06-26 22:25 |  14002 |  14131 |  13990 |  14119 |    19649
2026-06-26 22:30 |  14117 |  14144 |  14098 |  14115 |    11758
2026-06-26 22:35 |  14114 |  14132 |  14033 |  14055 |    13030
2026-06-26 22:40 |  14055 |  14108 |  14045 |  14101 |     7236
2026-06-26 22:45 |  14102 |  14115 |  14050 |  14071 |     7932
2026-06-26 22:50 |  14071 |  14105 |  14057 |  14091 |     6900
2026-06-26 22:55 |  14092 |  14099 |  14072 |  14077 |     4350
2026-06-26 23:00 |  14077 |  14087 |  14046 |  14078 |     7803
2026-06-26 23:05 |  14080 |  14112 |  14073 |  14087 |     7637
2026-06-26 23:10 |  14088 |  14088 |  14021 |  14029 |     9989
2026-06-26 23:15 |  14029 |  14085 |  14019 |  14081 |     9080
2026-06-26 23:20 |  14079 |  14242 |  14066 |  14206 |    22473
2026-06-26 23:25 |  14205 |  14206 |  14162 |  14167 |     8835
2026-06-26 23:30 |  14169 |  14183 |  14145 |  14150 |     7241
2026-06-26 23:35 |  14150 |  14218 |  14149 |  14207 |     8231
2026-06-26 23:40 |  14204 |  14214 |  14190 |  14207 |     4891
2026-06-26 23:45 |  14208 |  14273 |  14200 |  14214 |    12943
2026-06-26 23:50 |  14214 |  14255 |  14192 |  14238 |     8346
2026-06-26 23:55 |  14238 |  14283 |  14236 |  14269 |     9102
2026-06-29 00:00 |  14422 |  14430 |  14400 |  14413 |     2894
2026-06-29 00:05 |  14408 |  14412 |  14390 |  14399 |     3075
2026-06-29 00:10 |  14399 |  14425 |  14392 |  14409 |     4307
2026-06-29 00:15 |  14409 |  14424 |  14400 |  14411 |     2435
2026-06-29 00:20 |  14409 |  14412 |  14368 |  14388 |     6120
2026-06-29 00:25 |  14386 |  14393 |  14370 |  14376 |     2609
2026-06-29 00:30 |  14378 |  14427 |  14378 |  14388 |     5797
2026-06-29 00:35 |  14388 |  14394 |  14371 |  14379 |     3149
2026-06-29 00:40 |  14380 |  14391 |  14354 |  14382 |     4446
2026-06-29 00:45 |  14381 |  14398 |  14372 |  14382 |     2294
2026-06-29 00:50 |  14382 |  14404 |  14374 |  14399 |     3290
2026-06-29 00:55 |  14403 |  14405 |  14384 |  14393 |     2231
2026-06-29 01:00 |  14393 |  14408 |  14380 |  14385 |     3750
2026-06-29 01:05 |  14385 |  14405 |  14382 |  14393 |     2224
2026-06-29 01:10 |  14393 |  14399 |  14381 |  14383 |     2185
2026-06-29 01:15 |  14383 |  14388 |  14363 |  14365 |     3476
2026-06-29 01:20 |  14364 |  14403 |  14337 |  14397 |     6854
2026-06-29 01:25 |  14396 |  14396 |  14372 |  14380 |     2399
2026-06-29 01:30 |  14380 |  14388 |  14355 |  14367 |     3308
2026-06-29 01:35 |  14367 |  14377 |  14344 |  14354 |     3034
2026-06-29 01:40 |  14355 |  14366 |  14339 |  14361 |     2478
2026-06-29 01:45 |  14361 |  14366 |  14340 |  14353 |     2053
2026-06-29 01:50 |  14353 |  14372 |  14348 |  14354 |     2157
2026-06-29 01:55 |  14354 |  14363 |  14341 |  14347 |     1583
2026-06-29 02:00 |  14345 |  14368 |  14342 |  14359 |     2455
2026-06-29 02:05 |  14359 |  14387 |  14352 |  14378 |     2334
2026-06-29 02:10 |  14375 |  14395 |  14366 |  14387 |     2791
2026-06-29 02:15 |  14387 |  14389 |  14361 |  14372 |     1959
2026-06-29 02:20 |  14371 |  14372 |  14331 |  14351 |     3306
2026-06-29 02:25 |  14351 |  14390 |  14351 |  14382 |     4601
2026-06-29 02:30 |  14385 |  14385 |  14385 |  14385 |        8
2026-06-29 08:55 |  14300 |  14300 |  14300 |  14300 |      720
2026-06-29 09:00 |  14300 |  14300 |  14174 |  14205 |    27431
2026-06-29 09:05 |  14207 |  14324 |  14198 |  14238 |    13832
2026-06-29 09:10 |  14236 |  14265 |  14178 |  14190 |     8831
2026-06-29 09:15 |  14190 |  14236 |  14185 |  14210 |     7174
2026-06-29 09:20 |  14212 |  14260 |  14197 |  14232 |     6171
2026-06-29 09:25 |  14232 |  14282 |  14196 |  14199 |     7558
2026-06-29 09:30 |  14197 |  14217 |  14142 |  14205 |     8349
2026-06-29 09:35 |  14205 |  14253 |  14195 |  14233 |     4655
2026-06-29 09:40 |  14233 |  14288 |  14233 |  14260 |     5401
2026-06-29 09:45 |  14259 |  14259 |  14172 |  14213 |     7587
2026-06-29 09:50 |  14211 |  14211 |  14182 |  14194 |     3922
2026-06-29 09:55 |  14194 |  14204 |  14164 |  14177 |     5587
2026-06-29 10:00 |  14177 |  14239 |  14152 |  14215 |     6886
2026-06-29 10:05 |  14216 |  14241 |  14184 |  14204 |     4322
2026-06-29 10:10 |  14203 |  14248 |  14201 |  14205 |     3868
2026-06-29 10:15 |  14208 |  14208 |  14208 |  14208 |        5
2026-06-29 10:30 |  14295 |  14300 |  14232 |  14240 |     9481
2026-06-29 10:35 |  14240 |  14242 |  14181 |  14191 |     5756
2026-06-29 10:40 |  14189 |  14220 |  14184 |  14209 |     3670
2026-06-29 10:45 |  14209 |  14251 |  14198 |  14239 |     4757
2026-06-29 10:50 |  14241 |  14260 |  14225 |  14252 |     3545
2026-06-29 10:55 |  14253 |  14264 |  14228 |  14242 |     2980
2026-06-29 11:00 |  14241 |  14278 |  14232 |  14257 |     4067
2026-06-29 11:05 |  14254 |  14274 |  14236 |  14272 |     3169
2026-06-29 11:10 |  14272 |  14298 |  14255 |  14280 |     3678
2026-06-29 11:15 |  14280 |  14310 |  14268 |  14302 |     4953
2026-06-29 11:20 |  14303 |  14383 |  14302 |  14345 |     9368
2026-06-29 11:25 |  14347 |  14348 |  14312 |  14325 |     4576
2026-06-29 11:30 |  14330 |  14330 |  14330 |  14330 |        5
2026-06-29 13:30 |  14143 |  14162 |  14035 |  14072 |    28691
2026-06-29 13:35 |  14070 |  14079 |  14016 |  14057 |    12180
2026-06-29 13:40 |  14055 |  14139 |  14054 |  14133 |     9196
2026-06-29 13:45 |  14131 |  14148 |  14109 |  14123 |     7434
2026-06-29 13:50 |  14123 |  14258 |  14099 |  14226 |    12060
2026-06-29 13:55 |  14222 |  14250 |  14212 |  14228 |     8294
2026-06-29 14:00 |  14228 |  14258 |  14217 |  14241 |     5802
2026-06-29 14:05 |  14240 |  14310 |  14238 |  14270 |     9769
2026-06-29 14:10 |  14269 |  14271 |  14229 |  14239 |     5262
2026-06-29 14:15 |  14238 |  14281 |  14238 |  14278 |     4316
2026-06-29 14:20 |  14276 |  14295 |  14266 |  14281 |     3603
2026-06-29 14:25 |  14282 |  14320 |  14271 |  14290 |     6230
2026-06-29 14:30 |  14287 |  14295 |  14255 |  14268 |     4759
2026-06-29 14:35 |  14269 |  14300 |  14260 |  14300 |     3831
2026-06-29 14:40 |  14302 |  14305 |  14285 |  14297 |     3180
2026-06-29 14:45 |  14297 |  14313 |  14281 |  14295 |     3682
2026-06-29 14:50 |  14294 |  14301 |  14274 |  14281 |     3591
2026-06-29 14:55 |  14281 |  14291 |  14253 |  14273 |     6746
2026-06-29 15:00 |  14272 |  14272 |  14272 |  14272 |        6
2026-06-29 15:15 |  14272 |  14272 |  14272 |  14272 |       69
2026-06-29 20:55 |  14371 |  14371 |  14371 |  14371 |      604
2026-06-29 21:00 |  14372 |  14402 |  14192 |  14210 |    33521
2026-06-29 21:05 |  14209 |  14210 |  14134 |  14160 |    16506
2026-06-29 21:10 |  14160 |  14181 |  14130 |  14148 |    11896
2026-06-29 21:15 |  14149 |  14171 |  14090 |  14150 |    14119
2026-06-29 21:20 |  14151 |  14196 |  14143 |  14176 |    10443
2026-06-29 21:25 |  14177 |  14215 |  14155 |  14210 |     9633
2026-06-29 21:30 |  14212 |  14212 |  14157 |  14163 |     9743
2026-06-29 21:35 |  14165 |  14180 |  14124 |  14132 |     9542
2026-06-29 21:40 |  14133 |  14245 |  14131 |  14245 |    13004
2026-06-29 21:45 |  14243 |  14260 |  14217 |  14236 |    11063
2026-06-29 21:50 |  14236 |  14290 |  14232 |  14252 |    11252
2026-06-29 21:55 |  14252 |  14335 |  14251 |  14328 |    13043
2026-06-29 22:00 |  14327 |  14360 |  14269 |  14342 |    13820
2026-06-29 22:05 |  14342 |  14367 |  14302 |  14355 |     9986
2026-06-29 22:10 |  14355 |  14418 |  14339 |  14373 |    17498
2026-06-29 22:15 |  14371 |  14438 |  14368 |  14384 |    13517
2026-06-29 22:20 |  14385 |  14409 |  14382 |  14391 |     8272
2026-06-29 22:25 |  14391 |  14408 |  14350 |  14351 |    10028
2026-06-29 22:30 |  14350 |  14377 |  14333 |  14339 |    11977
2026-06-29 22:35 |  14337 |  14358 |  14323 |  14346 |     6501
2026-06-29 22:40 |  14347 |  14431 |  14335 |  14401 |    12602
2026-06-29 22:45 |  14400 |  14463 |  14397 |  14440 |    12267
2026-06-29 22:50 |  14438 |  14442 |  14412 |  14429 |     8467
2026-06-29 22:55 |  14429 |  14449 |  14356 |  14356 |    11819
2026-06-29 23:00 |  14357 |  14389 |  14345 |  14349 |     9578
2026-06-29 23:05 |  14348 |  14374 |  14315 |  14369 |    10494
2026-06-29 23:10 |  14367 |  14373 |  14320 |  14332 |     6197
2026-06-29 23:15 |  14332 |  14370 |  14326 |  14354 |     5414
2026-06-29 23:20 |  14357 |  14380 |  14352 |  14357 |     4435
2026-06-29 23:25 |  14357 |  14396 |  14355 |  14393 |     4501
2026-06-29 23:30 |  14393 |  14414 |  14352 |  14359 |     8037
2026-06-29 23:35 |  14357 |  14460 |  14356 |  14439 |    11196
2026-06-29 23:40 |  14439 |  14451 |  14419 |  14451 |     7530
2026-06-29 23:45 |  14451 |  14458 |  14419 |  14439 |     6312
2026-06-29 23:50 |  14439 |  14448 |  14367 |  14390 |    11412
2026-06-29 23:55 |  14390 |  14430 |  14384 |  14417 |     5732
Total: 639 bars

→ 请在文华/博易查询 ag000(白银连续) 2026-06-22~06-30 5分钟K线，逐条核对OHLC。差异>1tick为异常。


=== ag000 5min Bar: 2026-06-26 (单日快速核对) ===
2026-06-26 00:00 |  14257 |  14278 |  14243 |  14261 |     4915
2026-06-26 00:05 |  14261 |  14275 |  14224 |  14226 |     6756
2026-06-26 00:10 |  14228 |  14266 |  14225 |  14229 |     5343
2026-06-26 00:15 |  14229 |  14272 |  14229 |  14252 |     4598
2026-06-26 00:20 |  14253 |  14274 |  14250 |  14257 |     3253
2026-06-26 00:25 |  14257 |  14260 |  14237 |  14243 |     3048
2026-06-26 00:30 |  14243 |  14243 |  14178 |  14200 |     9317
2026-06-26 00:35 |  14200 |  14219 |  14180 |  14188 |     5029
2026-06-26 00:40 |  14187 |  14195 |  14166 |  14178 |     4861
2026-06-26 00:45 |  14177 |  14195 |  14143 |  14195 |     7560
2026-06-26 00:50 |  14196 |  14206 |  14172 |  14194 |     4061
2026-06-26 00:55 |  14193 |  14195 |  14172 |  14185 |     2659
2026-06-26 01:00 |  14186 |  14197 |  14173 |  14196 |     2644
2026-06-26 01:05 |  14197 |  14215 |  14191 |  14202 |     3497
2026-06-26 01:10 |  14202 |  14210 |  14176 |  14187 |     2899
2026-06-26 01:15 |  14188 |  14250 |  14187 |  14213 |     6239
2026-06-26 01:20 |  14213 |  14222 |  14189 |  14210 |     3276
2026-06-26 01:25 |  14210 |  14222 |  14188 |  14214 |     2752
2026-06-26 01:30 |  14216 |  14228 |  14204 |  14205 |     1918
2026-06-26 01:35 |  14205 |  14206 |  14181 |  14203 |     2463
2026-06-26 01:40 |  14203 |  14210 |  14184 |  14190 |     1800
2026-06-26 01:45 |  14190 |  14190 |  14150 |  14170 |     4655
2026-06-26 01:50 |  14170 |  14183 |  14159 |  14177 |     2287
2026-06-26 01:55 |  14179 |  14209 |  14174 |  14197 |     2815
2026-06-26 02:00 |  14196 |  14203 |  14145 |  14155 |     4324
2026-06-26 02:05 |  14155 |  14163 |  14118 |  14150 |     4915
2026-06-26 02:10 |  14149 |  14155 |  14126 |  14150 |     2207
2026-06-26 02:15 |  14149 |  14199 |  14144 |  14183 |     3374
2026-06-26 02:20 |  14186 |  14215 |  14175 |  14207 |     2982
2026-06-26 02:25 |  14207 |  14244 |  14189 |  14240 |     4106
2026-06-26 02:30 |  14237 |  14237 |  14237 |  14237 |        9
2026-06-26 08:55 |  14068 |  14068 |  14068 |  14068 |      797
2026-06-26 09:00 |  14085 |  14140 |  14019 |  14020 |    22823
2026-06-26 09:05 |  14020 |  14039 |  13953 |  13964 |    17190
2026-06-26 09:10 |  13965 |  14015 |  13965 |  13996 |     7075
2026-06-26 09:15 |  13996 |  14025 |  13973 |  14009 |     6377
2026-06-26 09:20 |  14007 |  14020 |  13981 |  14002 |     4717
2026-06-26 09:25 |  14000 |  14008 |  13920 |  13955 |    11534
2026-06-26 09:30 |  13954 |  13970 |  13934 |  13954 |     6311
2026-06-26 09:35 |  13954 |  13982 |  13920 |  13972 |     5918
2026-06-26 09:40 |  13975 |  13999 |  13955 |  13958 |     4988
2026-06-26 09:45 |  13956 |  13969 |  13869 |  13883 |    10449
2026-06-26 09:50 |  13885 |  13903 |  13840 |  13872 |    10248
2026-06-26 09:55 |  13873 |  13907 |  13864 |  13902 |     5380
2026-06-26 10:00 |  13901 |  13926 |  13874 |  13915 |     6082
2026-06-26 10:05 |  13915 |  13918 |  13849 |  13872 |     5849
2026-06-26 10:10 |  13872 |  13872 |  13786 |  13803 |    10257
2026-06-26 10:15 |  13800 |  13800 |  13800 |  13800 |       19
2026-06-26 10:30 |  13795 |  13795 |  13683 |  13709 |    16241
2026-06-26 10:35 |  13714 |  13728 |  13614 |  13663 |    16315
2026-06-26 10:40 |  13667 |  13667 |  13609 |  13614 |    10680
2026-06-26 10:45 |  13615 |  13648 |  13583 |  13644 |    11706
2026-06-26 10:50 |  13640 |  13642 |  13522 |  13526 |    15049
2026-06-26 10:55 |  13526 |  13608 |  13514 |  13598 |    11312
2026-06-26 11:00 |  13597 |  13660 |  13573 |  13643 |    10613
2026-06-26 11:05 |  13640 |  13676 |  13630 |  13667 |     7496
2026-06-26 11:10 |  13667 |  13742 |  13651 |  13713 |     9112
2026-06-26 11:15 |  13713 |  13744 |  13676 |  13734 |     7790
2026-06-26 11:20 |  13733 |  13734 |  13638 |  13650 |     7710
2026-06-26 11:25 |  13650 |  13699 |  13644 |  13681 |     6121
2026-06-26 11:30 |  13680 |  13680 |  13680 |  13680 |       13
2026-06-26 13:30 |  13750 |  13804 |  13707 |  13767 |    13655
2026-06-26 13:35 |  13767 |  13788 |  13740 |  13751 |     6214
2026-06-26 13:40 |  13751 |  13801 |  13751 |  13761 |     5882
2026-06-26 13:45 |  13761 |  13785 |  13734 |  13783 |     5831
2026-06-26 13:50 |  13784 |  13796 |  13760 |  13788 |     4249
2026-06-26 13:55 |  13786 |  13787 |  13734 |  13747 |     4329
2026-06-26 14:00 |  13747 |  13760 |  13712 |  13723 |     5395
2026-06-26 14:05 |  13723 |  13745 |  13695 |  13709 |     5299
2026-06-26 14:10 |  13707 |  13720 |  13692 |  13717 |     4067
2026-06-26 14:15 |  13719 |  13743 |  13709 |  13733 |     3996
2026-06-26 14:20 |  13732 |  13980 |  13732 |  13950 |    22899
2026-06-26 14:25 |  13948 |  13986 |  13905 |  13940 |    13129
2026-06-26 14:30 |  13940 |  14010 |  13894 |  13975 |    12933
2026-06-26 14:35 |  13973 |  14010 |  13948 |  14010 |     8711
2026-06-26 14:40 |  14011 |  14094 |  13954 |  14070 |    13887
2026-06-26 14:45 |  14076 |  14112 |  14035 |  14082 |    15687
2026-06-26 14:50 |  14083 |  14111 |  14064 |  14098 |     9989
2026-06-26 14:55 |  14099 |  14235 |  14099 |  14212 |    23736
2026-06-26 15:00 |  14212 |  14212 |  14212 |  14212 |       30
2026-06-26 15:15 |  14212 |  14212 |  14212 |  14212 |        0
2026-06-26 20:55 |  14091 |  14091 |  14091 |  14091 |     2232
2026-06-26 21:00 |  14090 |  14290 |  14090 |  14260 |    44439
2026-06-26 21:05 |  14262 |  14364 |  14225 |  14329 |    24750
2026-06-26 21:10 |  14327 |  14334 |  14275 |  14300 |    15160
2026-06-26 21:15 |  14300 |  14304 |  14192 |  14210 |    17041
2026-06-26 21:20 |  14210 |  14245 |  14163 |  14172 |    14549
2026-06-26 21:25 |  14172 |  14192 |  14139 |  14180 |    13119
2026-06-26 21:30 |  14179 |  14203 |  14086 |  14100 |    18889
2026-06-26 21:35 |  14102 |  14160 |  14095 |  14126 |    12922
2026-06-26 21:40 |  14126 |  14127 |  14014 |  14020 |    18266
2026-06-26 21:45 |  14020 |  14039 |  13980 |  14016 |    17294
2026-06-26 21:50 |  14017 |  14041 |  13943 |  13944 |    17158
2026-06-26 21:55 |  13942 |  13956 |  13880 |  13905 |    19123
2026-06-26 22:00 |  13905 |  14021 |  13904 |  13981 |    22374
2026-06-26 22:05 |  13980 |  14033 |  13977 |  14010 |    13636
2026-06-26 22:10 |  14011 |  14043 |  14002 |  14020 |     8979
2026-06-26 22:15 |  14020 |  14055 |  14007 |  14030 |     9649
2026-06-26 22:20 |  14026 |  14050 |  13989 |  14003 |    10472
2026-06-26 22:25 |  14002 |  14131 |  13990 |  14119 |    19649
2026-06-26 22:30 |  14117 |  14144 |  14098 |  14115 |    11758
2026-06-26 22:35 |  14114 |  14132 |  14033 |  14055 |    13030
2026-06-26 22:40 |  14055 |  14108 |  14045 |  14101 |     7236
2026-06-26 22:45 |  14102 |  14115 |  14050 |  14071 |     7932
2026-06-26 22:50 |  14071 |  14105 |  14057 |  14091 |     6900
2026-06-26 22:55 |  14092 |  14099 |  14072 |  14077 |     4350
2026-06-26 23:00 |  14077 |  14087 |  14046 |  14078 |     7803
2026-06-26 23:05 |  14080 |  14112 |  14073 |  14087 |     7637
2026-06-26 23:10 |  14088 |  14088 |  14021 |  14029 |     9989
2026-06-26 23:15 |  14029 |  14085 |  14019 |  14081 |     9080
2026-06-26 23:20 |  14079 |  14242 |  14066 |  14206 |    22473
2026-06-26 23:25 |  14205 |  14206 |  14162 |  14167 |     8835
2026-06-26 23:30 |  14169 |  14183 |  14145 |  14150 |     7241
2026-06-26 23:35 |  14150 |  14218 |  14149 |  14207 |     8231
2026-06-26 23:40 |  14204 |  14214 |  14190 |  14207 |     4891
2026-06-26 23:45 |  14208 |  14273 |  14200 |  14214 |    12943
2026-06-26 23:50 |  14214 |  14255 |  14192 |  14238 |     8346
2026-06-26 23:55 |  14238 |  14283 |  14236 |  14269 |     9102
Total: 118 bars


=== IF000 5min Bar: 2026-06-26 (股指期货对照) ===
Total: 0 bars
